[28.4, 10.4, 10.8, 23.6, 18.2, 25.4, 26.6]
[14.0, 14.4, 22.8, 25.4, 13.0, 12.8, 27.0]
[28.4, 23.2, 18.2, 13.0, 10.8, 8.4, 26.6]
[14.0, 10.8, 10.4, 23.2, 15.6, 25.4, 20.0]
[28.4, 14.4, 8.4, 25.4, 13.0, 12.8, 27.0]
[14.0, 23.6, 18.2, 13.0, 12.4, 22.8, 10.6]

travel_times = [
            [28.4, 10.4, 10.8, 23.6, 18.2, 25.4, 26.6],
            [14.0, 14.4, 22.8, 25.4, 13.0, 12.8, 27.0],
            [28.4, 23.2, 18.2, 13.0, 10.8, 8.4, 26.6],
            [14.0, 10.8, 10.4, 23.2, 15.6, 25.4, 20.0],
            [28.4, 14.4, 8.4, 25.4, 13.0, 12.8, 27.0],
            [14.0, 23.6, 18.2, 13.0, 12.4, 22.8, 10.6]
        ]